[17:26:57] Log started
[17:27:11] RAW: 139770,0.21,0.02,1.10,59.75,-29.11,38.15
[17:27:11] RAW: 139794,0.22,-0.16,1.04,44.68,-15.87,8.61
[17:27:11] RAW: 139819,0.14,-0.18,1.00,0.73,-2.44,3.05
[17:27:11] RAW: 139843,0.17,-0.14,0.97,-12.57,0.49,26.31
[17:27:11] RAW: 139867,0.18,0.02,1.03,-20.63,8.61,40.28
[17:27:11] RAW: 139891,0.23,0.07,1.05,7.45,4.15,12.08
[17:27:11] RAW: 139915,0.18,-0.12,1.00,19.78,4.52,-3.97
[17:27:11] RAW: 139939,0.20,-0.16,0.95,2.14,10.86,11.60
[17:27:11] RAW: 139963,0.24,0.01,1.02,-10.38,9.22,20.69
[17:27:11] RAW: 139987,0.28,0.07,1.06,22.09,2.20,-7.08
[17:27:11] RAW: 140011,0.18,-0.15,0.94,31.43,-2.56,-19.47
[17:27:11] RAW: 140035,0.20,-0.23,0.97,-7.93,3.11,7.45
[17:27:11] RAW: 140059,0.23,-0.09,1.04,-18.07,10.50,17.33
[17:27:11] RAW: 140083,0.30,0.05,1.06,4.58,10.44,4.82
[17:27:11] RAW: 140107,0.25,-0.05,0.95,26.92,4.15,-23.99
[17:27:11] RAW: 140132,0.19,-0.23,0.92,13.00,-3.54,-9.95
[17:27:11] RAW: 140156,0.22,-0.15,0.99,-21.30,-10.80,24.05
[17:27:11] RAW: 140181,0.26,0.05,1.10,-8.97,-10.68,15.50
[17:27:11] RAW: 140206,0.20,-0.03,1.04,22.95,-5.74,-14.10
[17:27:11] RAW: 140230,0.14,-0.17,0.97,23.62,-9.34,-5.37
[17:27:11] RAW: 140255,0.15,-0.16,1.00,1.83,-8.06,15.08
[17:27:11] RAW: 140279,0.21,0.01,1.09,-17.82,5.98,17.70
[17:27:11] RAW: 140303,0.21,0.01,1.01,3.60,12.94,-9.77
[17:27:11] RAW: 140327,0.17,-0.11,0.90,18.01,2.87,-5.13
[17:27:11] RAW: 140352,0.21,-0.11,0.91,1.28,-2.14,10.99
[17:27:11] RAW: 140376,0.25,0.01,1.02,-5.31,-7.57,-0.43
[17:27:11] RAW: 140400,0.19,-0.03,1.01,10.93,-4.52,-26.98
[17:27:11] RAW: 140425,0.13,-0.17,0.96,21.00,-7.39,-28.63
[17:27:11] RAW: 140450,0.17,-0.14,0.98,-2.87,-2.50,4.39
[17:27:11] RAW: 140474,0.20,-0.02,1.05,-12.15,-3.91,8.79
[17:27:11] RAW: 140500,0.20,-0.03,1.05,4.15,0.61,-11.41
[17:27:11] RAW: 140526,0.16,-0.15,0.97,9.16,-2.08,-2.50
[17:27:11] RAW: 140553,0.19,-0.12,1.02,-5.43,-1.89,10.50
[17:27:11] RAW: 140579,0.23,-0.03,1.06,-4.52,2.44,0.49
[17:27:11] RAW: 140604,0.19,-0.10,0.97,6.35,4.64,-11.23
[17:27:12] RAW: 140629,0.17,-0.16,0.93,3.42,-2.32,0.00
[17:27:12] RAW: 140654,0.19,-0.09,1.00,-7.14,-5.43,9.52
[17:27:12] RAW: 140679,0.22,-0.01,1.05,3.72,0.67,-3.97
[17:27:12] RAW: 140704,0.18,-0.11,0.95,10.50,2.44,-18.25
[17:27:12] RAW: 140729,0.17,-0.16,0.95,-4.39,-4.88,-3.66
[17:27:12] RAW: 140755,0.19,-0.08,1.03,-9.70,-5.43,5.80
[17:27:12] RAW: 140780,0.20,-0.04,1.04,8.12,-1.95,-1.95
[17:27:12] RAW: 140805,0.18,-0.11,0.99,6.41,0.49,-10.01
[17:27:12] RAW: 140829,0.16,-0.16,0.99,-3.48,-1.46,-1.34
[17:27:12] RAW: 140854,0.20,-0.07,1.01,-5.74,-0.06,7.26
[17:27:12] RAW: 140878,0.22,-0.04,0.99,4.03,0.43,-5.13
[17:27:12] RAW: 140902,0.18,-0.14,0.96,2.62,-2.81,-9.77
[17:27:12] RAW: 140927,0.16,-0.14,0.99,-2.32,-4.39,3.54
[17:27:12] RAW: 140952,0.20,-0.05,1.05,2.87,-4.03,6.23
[17:27:12] RAW: 140976,0.20,-0.08,1.00,8.06,1.16,-3.85
[17:27:12] RAW: 141001,0.17,-0.13,0.96,-0.67,-0.67,-5.07
[17:27:12] RAW: 141027,0.16,-0.13,1.02,-5.55,-3.05,4.46
[17:27:12] RAW: 141052,0.19,-0.06,1.04,8.79,-1.95,9.52
[17:27:12] RAW: 141077,0.19,-0.07,1.00,21.36,-0.43,0.92
[17:27:12] RAW: 141102,0.17,-0.16,0.92,7.51,-0.98,-8.00
[17:27:12] RAW: 141128,0.16,-0.14,0.97,-22.58,-0.73,3.66
[17:27:12] RAW: 141154,0.19,-0.05,1.06,-5.92,-3.30,8.97
[17:27:12] RAW: 141178,0.20,-0.07,1.02,11.78,2.99,-7.14
[17:27:12] RAW: 141203,0.16,-0.17,0.96,-0.43,2.75,-9.58
[17:27:12] RAW: 141228,0.17,-0.15,0.99,-8.91,-1.16,5.98
[17:27:12] RAW: 141253,0.20,-0.05,1.02,2.75,-2.01,8.73
[17:27:12] RAW: 141277,0.20,-0.08,0.97,7.69,2.38,-2.62
[17:27:12] RAW: 141302,0.16,-0.14,0.96,-2.50,-2.81,-7.87
[17:27:12] RAW: 141327,0.15,-0.12,1.03,-3.60,-5.31,-0.24
[17:27:12] RAW: 141354,0.18,-0.09,1.00,8.18,-1.83,0.49
[17:27:12] RAW: 141379,0.18,-0.11,0.95,1.40,-0.79,-3.72
[17:27:12] RAW: 141403,0.16,-0.13,1.00,-5.49,-5.25,-2.69
[17:27:12] RAW: 141428,0.15,-0.13,1.04,-1.10,-6.90,0.55
[17:27:12] RAW: 141452,0.17,-0.09,1.03,6.10,1.65,1.34
[17:27:12] RAW: 141477,0.18,-0.11,0.98,3.78,2.87,-4.64
[17:27:12] RAW: 141503,0.16,-0.15,1.00,-7.14,-0.37,-0.92
[17:27:12] RAW: 141528,0.17,-0.10,1.03,-0.12,-2.26,6.23
[17:27:12] RAW: 141554,0.19,-0.09,0.99,3.17,3.60,0.31
[17:27:12] RAW: 141578,0.19,-0.11,0.97,-4.82,3.36,-3.85
[17:27:12] RAW: 141603,0.17,-0.14,0.98,-4.70,-1.65,-0.79
[17:27:13] RAW: 141628,0.17,-0.09,1.02,0.37,-2.87,5.62
[17:27:13] RAW: 141653,0.19,-0.09,1.02,5.31,1.34,-3.78
[17:27:13] RAW: 141679,0.17,-0.14,0.97,0.43,0.18,-4.21
[17:27:13] RAW: 141704,0.16,-0.12,0.98,-4.15,-2.20,1.53
[17:27:13] RAW: 141729,0.17,-0.08,1.02,1.83,-2.14,1.89
[17:27:13] RAW: 141754,0.17,-0.12,1.00,6.23,1.10,-8.12
[17:27:13] RAW: 141779,0.16,-0.15,0.96,1.46,0.49,-7.14
[17:27:13] RAW: 141804,0.18,-0.10,0.99,-4.64,-1.89,3.36
[17:27:13] RAW: 141828,0.17,-0.09,1.00,5.31,-4.64,4.33
[17:27:13] RAW: 141852,0.16,-0.09,1.01,5.43,-3.54,-1.65
[17:27:13] RAW: 141876,0.16,-0.13,0.99,-0.67,-0.31,-7.20
[17:27:13] RAW: 141900,0.17,-0.14,0.97,0.55,-2.81,0.00
[17:27:13] RAW: 141925,0.17,-0.10,1.02,4.03,-5.37,4.52
[17:27:13] RAW: 141949,0.17,-0.10,1.01,3.23,-0.92,0.98
[17:27:13] RAW: 141973,0.16,-0.13,0.99,-2.56,0.85,-5.13
[17:27:13] RAW: 141997,0.16,-0.13,1.02,-3.48,-0.85,0.12
[17:27:13] RAW: 142022,0.17,-0.09,1.01,4.46,0.06,4.64
[17:27:13] RAW: 142046,0.17,-0.11,0.99,6.29,1.59,-3.42
[17:27:13] RAW: 142071,0.16,-0.15,0.97,-2.99,0.92,-4.58
[17:27:13] RAW: 142097,0.16,-0.12,1.01,-4.94,-1.59,-0.06
[17:27:13] RAW: 142123,0.17,-0.10,1.02,5.00,-1.77,-0.18
[17:27:13] RAW: 142149,0.16,-0.13,1.00,-0.55,1.16,-1.04
[17:27:13] RAW: 142173,0.17,-0.13,1.01,-6.04,0.43,2.87
[17:27:13] RAW: 142198,0.17,-0.08,1.02,0.92,0.92,2.87
[17:27:13] RAW: 142222,0.18,-0.08,0.99,4.88,4.15,-2.56
[17:27:13] RAW: 142246,0.18,-0.14,0.98,-2.08,2.75,-5.13
[17:27:13] RAW: 142271,0.16,-0.14,1.00,-9.09,1.53,1.89
[17:27:13] RAW: 142296,0.17,-0.06,1.05,-2.56,0.73,5.13
[17:27:13] RAW: 142321,0.18,-0.08,1.02,8.91,7.39,-10.13
[17:27:13] RAW: 142346,0.16,-0.13,0.94,-1.34,8.00,-9.28
[17:27:13] RAW: 142370,0.17,-0.11,0.95,-5.00,2.62,-1.46
[17:27:13] RAW: 142394,0.17,-0.11,0.99,4.27,-4.76,6.04
[17:27:13] RAW: 142418,0.19,-0.10,0.98,-0.06,0.85,-2.14
[17:27:13] RAW: 142442,0.18,-0.13,0.94,-8.36,0.06,-10.86
[17:27:13] RAW: 142466,0.17,-0.13,0.98,-3.85,-3.60,-7.81
[17:27:13] RAW: 142491,0.18,-0.12,1.00,7.08,-1.46,-3.78
[17:27:13] RAW: 142515,0.19,-0.10,1.04,22.22,5.37,-7.08
[17:27:13] RAW: 142539,0.20,-0.18,0.97,31.98,2.38,-5.74
[17:27:15] GESTURE: still
[17:27:24] RAW: 153555,0.24,0.01,0.97,16.17,11.60,1.34
[17:27:24] RAW: 153579,0.22,-0.08,0.94,12.94,-0.61,-5.19
[17:27:24] RAW: 153603,0.26,-0.06,0.94,1.83,-15.44,4.27
[17:27:25] RAW: 153627,0.26,0.03,1.03,-6.90,-23.74,3.48
[17:27:25] RAW: 153651,0.25,0.08,1.06,0.43,-8.91,-25.88
[17:27:25] RAW: 153675,0.15,-0.12,1.00,14.34,-4.27,-29.48
[17:27:25] RAW: 153699,0.16,-0.15,0.99,11.78,-1.71,0.92
[17:27:25] RAW: 153723,0.20,-0.06,0.98,1.40,3.60,5.25
[17:27:25] RAW: 153747,0.20,-0.02,1.00,-2.08,3.17,-11.29
[17:27:25] RAW: 153771,0.15,-0.14,1.00,-2.01,-2.14,-10.86
[17:27:25] RAW: 153795,0.19,-0.06,1.04,-5.43,2.01,7.08
[17:27:25] RAW: 153819,0.23,0.03,1.02,-2.75,8.12,6.96
[17:27:25] RAW: 153843,0.23,-0.03,0.95,0.92,2.62,-12.39
[17:27:25] RAW: 153868,0.15,-0.13,0.97,-13.79,-2.44,-8.18
[17:27:25] RAW: 153892,0.17,-0.10,1.03,-14.53,-3.17,15.50
[17:27:25] RAW: 153917,0.24,-0.00,1.03,1.95,1.34,14.22
[17:27:25] RAW: 153941,0.22,-0.09,0.95,5.86,6.84,-6.53
[17:27:25] RAW: 153966,0.19,-0.18,0.94,-10.07,3.48,1.95
[17:27:25] RAW: 153990,0.20,-0.10,1.01,-23.56,2.69,14.59
[17:27:25] RAW: 154014,0.22,-0.04,1.02,-1.65,5.25,7.14
[17:27:25] RAW: 154038,0.19,-0.17,0.96,17.40,3.78,4.58
[17:27:25] RAW: 154062,0.18,-0.23,0.94,0.37,3.85,24.35
[17:27:25] RAW: 154086,0.23,-0.06,1.02,-10.74,5.74,30.46
[17:27:25] RAW: 154110,0.22,-0.05,1.02,10.25,5.13,14.77
[17:27:25] RAW: 154134,0.19,-0.16,0.97,6.77,8.24,18.07
[17:27:25] RAW: 154158,0.21,-0.11,0.98,1.46,7.51,33.57
[17:27:25] RAW: 154182,0.24,-0.03,0.99,15.56,1.89,38.02
[17:27:25] RAW: 154206,0.21,-0.14,0.95,17.94,2.14,29.36
[17:27:25] RAW: 154230,0.19,-0.16,0.95,7.39,0.92,35.83
[17:27:25] RAW: 154254,0.22,-0.06,1.01,0.31,0.24,47.30
[17:27:25] RAW: 154278,0.23,-0.02,1.02,18.31,-1.34,41.87
[17:27:25] RAW: 154302,0.21,-0.11,0.97,26.00,-1.83,34.48
[17:27:25] RAW: 154326,0.17,-0.14,0.98,13.79,0.98,42.97
[17:27:25] RAW: 154350,0.20,-0.03,1.02,9.22,1.40,53.71
[17:27:25] RAW: 154374,0.23,0.03,1.06,20.75,-2.44,46.63
[17:27:25] RAW: 154398,0.19,-0.08,0.99,28.20,-5.19,37.48
[17:27:25] RAW: 154422,0.15,-0.14,0.97,9.03,-2.99,41.75
[17:27:25] RAW: 154446,0.18,-0.02,1.06,-10.68,3.23,48.77
[17:27:25] RAW: 154470,0.22,0.03,1.07,-0.73,8.00,48.46
[17:27:25] RAW: 154494,0.22,-0.06,0.99,31.19,1.77,39.12
[17:27:25] RAW: 154518,0.21,-0.12,0.99,13.92,-0.31,39.12
[17:27:25] RAW: 154542,0.23,-0.06,1.06,-5.37,13.24,39.18
[17:27:25] RAW: 154566,0.24,-0.09,1.02,28.69,9.03,36.62
[17:27:25] RAW: 154590,0.22,-0.21,0.98,43.27,3.30,40.47
[17:27:25] RAW: 154614,0.20,-0.25,0.98,0.00,15.99,43.70
[17:27:26] RAW: 154638,0.19,-0.12,1.04,-13.98,20.63,41.44
[17:27:26] RAW: 154662,0.23,-0.12,1.02,20.69,12.82,49.26
[17:27:26] RAW: 154686,0.25,-0.19,0.95,28.02,9.16,47.91
[17:27:26] RAW: 154711,0.20,-0.22,1.02,26.79,0.43,47.30
[17:27:26] RAW: 154736,0.16,-0.13,1.08,12.88,1.53,50.35
[17:27:26] RAW: 154760,0.17,-0.09,1.07,8.97,13.79,47.61
[17:27:26] RAW: 154784,0.21,-0.05,1.00,34.85,16.60,54.75
[17:27:26] RAW: 154808,0.25,-0.03,0.89,41.50,4.46,58.41
[17:27:26] RAW: 154833,0.17,-0.09,0.97,10.62,-7.81,54.87
[17:27:26] RAW: 154857,0.17,-0.03,1.11,-2.62,3.85,54.57
[17:27:26] RAW: 154881,0.24,-0.00,1.03,12.21,13.06,56.21
[17:27:26] RAW: 154905,0.26,-0.02,0.90,34.18,0.43,62.01
[17:27:26] RAW: 154929,0.19,-0.06,0.97,8.24,-13.85,59.75
[17:27:26] RAW: 154953,0.17,0.02,1.16,3.72,-2.50,56.70
[17:27:26] RAW: 154977,0.20,-0.05,0.94,46.63,3.91,55.73
[17:27:26] RAW: 155001,0.18,-0.06,0.89,38.45,0.92,61.34
[17:27:26] RAW: 155025,0.12,0.02,1.07,-19.65,1.77,58.17
[17:27:26] RAW: 155049,0.16,0.00,1.04,18.37,0.85,50.42
[17:27:26] RAW: 155073,0.19,-0.15,0.85,34.73,-4.94,38.64
[17:27:26] RAW: 155097,0.11,-0.11,1.05,-6.23,-2.75,46.39
[17:27:26] RAW: 155121,0.16,0.11,1.15,-0.24,0.18,61.10
[17:27:26] RAW: 155145,0.25,0.10,1.00,57.56,-7.63,45.96
[17:27:26] RAW: 155170,0.26,-0.08,0.85,36.32,-2.32,32.96
[17:27:26] RAW: 155194,0.23,-0.02,0.97,-8.06,-8.42,36.80
[17:27:26] RAW: 155219,0.25,0.15,1.10,30.64,-20.26,41.44
[17:27:26] RAW: 155243,0.27,0.01,0.98,34.24,-9.46,26.61
[17:27:26] RAW: 155268,0.25,0.08,1.05,-14.65,5.07,22.83
[17:27:26] RAW: 155292,0.29,0.25,1.13,-17.15,-0.49,22.77
[17:27:26] RAW: 155316,0.30,0.21,1.08,34.06,-13.24,10.93
[17:27:26] RAW: 155341,0.24,-0.04,0.99,23.74,1.65,-0.61
[17:27:26] RAW: 155365,0.22,-0.07,1.01,8.61,8.30,8.85
[17:27:26] RAW: 155389,0.24,-0.04,0.94,23.07,1.89,23.68
[17:27:26] RAW: 155413,0.27,-0.07,0.90,-0.18,9.34,29.91
[17:27:26] RAW: 155437,0.29,-0.02,0.96,-12.39,12.02,21.36
[17:27:26] RAW: 155461,0.28,0.01,1.01,6.35,2.08,18.68
[17:27:26] RAW: 155485,0.28,-0.04,0.97,13.37,1.65,27.28
[17:27:26] RAW: 155509,0.30,-0.01,0.93,-7.32,11.78,17.88
[17:27:26] RAW: 155533,0.28,-0.01,0.96,-14.10,11.47,3.36
[17:27:26] RAW: 155557,0.28,-0.08,0.95,12.08,-2.44,8.97
[17:27:26] RAW: 155581,0.29,-0.09,0.92,7.57,2.20,18.13
[17:27:26] RAW: 155606,0.33,0.01,0.89,-5.62,8.91,10.80
[17:27:27] RAW: 155630,0.33,-0.04,0.92,8.24,-6.29,2.99
[17:27:27] RAW: 155654,0.29,-0.15,0.91,19.84,-21.06,9.22
[17:27:27] RAW: 155678,0.31,-0.03,1.01,3.60,-11.17,12.45
[17:27:27] RAW: 155702,0.35,0.00,0.96,4.70,-3.54,0.73
[17:27:27] RAW: 155726,0.31,-0.11,0.96,-0.92,-6.65,-12.27
[17:27:27] RAW: 155751,0.29,-0.20,0.98,-10.62,1.34,-3.30
[17:27:27] RAW: 155776,0.30,-0.12,0.98,-4.58,0.18,9.16
[17:27:27] RAW: 155800,0.29,-0.09,0.95,18.13,-11.05,7.81
[17:27:27] RAW: 155824,0.28,-0.17,0.97,3.23,-11.90,-1.22
[17:27:27] RAW: 155848,0.22,-0.15,1.06,-18.92,1.34,-4.64
[17:27:27] RAW: 155872,0.23,-0.09,1.01,7.02,-5.25,11.35
[17:27:27] RAW: 155896,0.30,-0.08,0.97,22.89,-3.66,8.54
[17:27:27] RAW: 155920,0.29,-0.16,0.91,-11.23,6.53,-6.77
[17:27:27] RAW: 155944,0.28,-0.13,1.03,-32.17,5.62,-8.42
[17:27:27] RAW: 155968,0.30,-0.13,1.00,16.66,-19.59,14.89
[17:27:28] GESTURE: down
[17:27:41] RAW: 169830,-0.19,-0.16,1.25,31.25,-25.82,-14.59
[17:27:41] RAW: 169854,-0.15,0.08,1.34,7.45,-18.68,-12.33
[17:27:41] RAW: 169878,-0.22,-0.04,1.28,68.24,-55.73,-5.07
[17:27:41] RAW: 169902,-0.30,-0.08,1.21,65.31,-35.16,-3.17
[17:27:41] RAW: 169926,-0.18,-0.07,1.14,37.29,2.01,-9.52
[17:27:41] RAW: 169950,-0.19,-0.10,1.09,25.39,-2.69,-12.45
[17:27:41] RAW: 169974,-0.29,-0.12,1.14,5.49,-1.10,-1.10
[17:27:41] RAW: 169998,-0.25,0.04,1.24,1.77,16.30,10.62
[17:27:41] RAW: 170022,-0.17,0.00,1.16,18.74,34.18,-11.78
[17:27:41] RAW: 170046,-0.21,-0.09,1.12,-4.94,32.23,-18.74
[17:27:41] RAW: 170070,-0.22,0.00,1.19,11.05,35.40,-10.86
[17:27:41] RAW: 170094,-0.21,-0.12,1.01,50.48,27.71,-3.36
[17:27:41] RAW: 170118,-0.19,-0.15,0.99,22.89,36.19,1.59
[17:27:41] RAW: 170142,-0.15,-0.02,1.07,-22.89,49.01,-10.74
[17:27:41] RAW: 170167,-0.18,-0.08,1.05,21.85,32.53,-17.88
[17:27:41] RAW: 170191,-0.20,-0.20,0.96,29.79,36.68,2.14
[17:27:41] RAW: 170216,-0.14,-0.06,0.98,-9.70,48.40,6.16
[17:27:41] RAW: 170242,-0.13,-0.00,1.01,-14.16,46.63,-16.30
[17:27:41] RAW: 170268,-0.14,-0.13,1.00,13.55,35.89,-14.53
[17:27:41] RAW: 170294,-0.10,-0.15,1.00,9.40,35.28,-3.78
[17:27:41] RAW: 170321,-0.07,-0.00,1.03,-0.18,37.66,-21.18
[17:27:41] RAW: 170347,-0.10,-0.12,1.00,11.29,30.33,-25.94
[17:27:41] RAW: 170373,-0.09,-0.17,0.98,9.28,30.88,-7.08
[17:27:41] RAW: 170398,-0.04,-0.04,0.99,1.22,27.04,-7.14
[17:27:41] RAW: 170424,-0.07,-0.03,1.01,17.09,24.96,-26.31
[17:27:41] RAW: 170450,-0.06,-0.18,1.01,9.95,32.71,-26.25
[17:27:41] RAW: 170474,-0.02,-0.10,1.05,8.36,31.68,-11.78
[17:27:41] RAW: 170499,0.02,-0.07,0.95,0.61,24.35,-16.60
[17:27:41] RAW: 170523,0.01,-0.05,1.05,-16.24,22.71,-24.05
[17:27:41] RAW: 170547,0.02,-0.07,1.08,2.69,19.71,-23.13
[17:27:41] RAW: 170572,0.03,-0.08,1.04,13.55,19.71,-25.21
[17:27:41] RAW: 170596,0.06,-0.09,0.95,-13.43,23.13,-22.40
[17:27:42] RAW: 170621,0.08,0.04,1.09,-25.94,19.78,-31.56
[17:27:42] RAW: 170646,0.05,-0.12,1.08,18.49,6.41,-28.99
[17:27:42] RAW: 170671,0.05,-0.10,1.08,5.74,17.58,-14.10
[17:27:42] RAW: 170696,0.09,-0.03,1.04,-11.66,25.57,-13.37
[17:27:42] RAW: 170721,0.08,-0.07,1.06,-19.84,17.88,-16.78
[17:27:42] RAW: 170745,0.06,-0.10,1.15,7.45,12.94,-12.51
[17:27:42] RAW: 170770,0.06,-0.08,1.10,24.23,17.15,-6.77
[17:27:42] RAW: 170794,0.07,-0.09,1.05,-2.20,22.34,-17.15
[17:27:42] RAW: 170818,0.06,-0.14,1.11,-18.74,27.10,-12.63
[17:27:42] RAW: 170843,0.08,-0.04,1.18,23.74,30.64,5.19
[17:27:42] RAW: 170867,0.13,-0.13,0.98,40.77,35.10,-2.44
[17:27:42] RAW: 170892,0.15,-0.17,0.95,-9.28,50.35,-11.78
[17:27:42] RAW: 170917,0.19,-0.08,1.03,-1.65,38.70,-6.47
[17:27:42] RAW: 170941,0.21,-0.10,0.97,48.34,10.56,5.31
[17:27:42] RAW: 170965,0.20,-0.21,0.93,28.93,14.16,-6.10
[17:27:42] RAW: 170989,0.21,-0.13,1.05,-20.39,36.44,-21.73
[17:27:42] RAW: 171014,0.20,-0.16,0.94,41.69,20.75,-6.23
[17:27:42] RAW: 171039,0.23,-0.27,0.90,38.82,8.73,5.49
[17:27:42] RAW: 171063,0.23,-0.25,1.05,9.34,18.13,-4.88
[17:27:42] RAW: 171087,0.18,-0.26,1.05,27.95,23.07,-2.01
[17:27:42] RAW: 171111,0.25,-0.31,0.92,39.49,25.45,9.70
[17:27:42] RAW: 171135,0.26,-0.27,0.95,20.45,10.44,10.50
[17:27:42] RAW: 171160,0.17,-0.26,1.21,30.52,1.40,4.88
[17:27:42] RAW: 171185,0.20,-0.32,1.12,55.73,20.87,16.17
[17:27:42] RAW: 171210,0.30,-0.31,0.92,47.67,21.30,25.39
[17:27:42] RAW: 171235,0.27,-0.20,0.91,29.91,15.81,3.72
[17:27:42] RAW: 171260,0.12,-0.31,0.85,37.90,16.11,-15.26
[17:27:42] RAW: 171285,0.13,-0.42,0.77,28.50,30.40,5.62
[17:27:42] RAW: 171311,0.26,-0.23,0.61,11.35,34.24,17.70
[17:27:42] RAW: 171336,0.30,-0.15,0.60,8.54,17.27,10.38
[17:27:42] RAW: 171361,0.16,-0.26,0.68,20.81,12.15,3.85
[17:27:42] RAW: 171385,0.14,-0.39,0.66,18.62,20.57,17.33
[17:27:42] RAW: 171410,0.31,-0.22,0.71,-7.63,23.80,28.14
[17:27:42] RAW: 171435,0.35,-0.10,0.77,12.51,8.54,20.75
[17:27:42] RAW: 171459,0.29,-0.27,0.76,25.45,10.31,7.69
[17:27:42] RAW: 171483,0.30,-0.35,0.76,-1.22,22.46,6.47
[17:27:42] RAW: 171509,0.40,-0.28,0.75,-1.95,15.56,10.44
[17:27:42] RAW: 171533,0.41,-0.25,0.79,2.20,2.14,7.26
[17:27:42] RAW: 171557,0.36,-0.23,0.87,6.41,-0.55,0.73
[17:27:44] GESTURE: shake
[17:27:49] RAW: 177741,0.22,0.19,0.98,65.55,-30.52,13.85
[17:27:49] RAW: 177765,0.10,-0.06,0.92,25.51,-25.15,1.53
[17:27:49] RAW: 177790,0.09,-0.00,1.04,3.11,-14.77,-5.98
[17:27:49] RAW: 177815,0.14,0.07,1.04,54.69,-18.37,-3.11
[17:27:49] RAW: 177839,0.13,0.07,0.97,49.87,-15.99,-11.11
[17:27:49] RAW: 177865,0.15,-0.04,0.90,-6.16,-4.64,-15.44
[17:27:49] RAW: 177890,0.15,0.04,1.00,-19.96,0.73,-10.38
[17:27:49] RAW: 177915,0.16,0.18,1.03,18.62,-6.29,-6.41
[17:27:49] RAW: 177940,0.16,0.08,0.94,16.48,5.25,-22.83
[17:27:49] RAW: 177965,0.18,0.03,0.88,-16.85,10.13,-22.22
[17:27:49] RAW: 177991,0.19,0.12,0.98,-14.40,-1.28,-23.86
[17:27:49] RAW: 178018,0.20,0.06,0.98,7.32,-3.11,-29.30
[17:27:49] RAW: 178043,0.19,-0.01,0.98,1.83,-0.73,-37.72
[17:27:49] RAW: 178068,0.15,-0.02,0.98,-22.95,4.15,-34.55
[17:27:49] RAW: 178093,0.16,0.06,1.06,-13.85,-3.36,-20.51
[17:27:49] RAW: 178117,0.22,0.01,1.00,11.84,-5.25,-28.08
[17:27:49] RAW: 178142,0.17,-0.10,0.94,-7.32,-4.03,-43.27
[17:27:49] RAW: 178167,0.12,-0.04,1.07,-30.76,-4.70,-42.97
[17:27:49] RAW: 178191,0.12,0.03,1.13,-11.78,-4.70,-38.39
[17:27:49] RAW: 178215,0.10,-0.02,1.05,8.42,-7.14,-44.56
[17:27:49] RAW: 178239,0.08,-0.11,0.99,-6.47,-2.87,-44.43
[17:27:49] RAW: 178263,0.13,-0.06,1.02,-52.86,3.97,-39.18
[17:27:49] RAW: 178287,0.13,0.03,1.13,-26.86,-5.80,-36.50
[17:27:49] RAW: 178311,0.09,-0.06,1.14,0.12,-0.61,-43.15
[17:27:49] RAW: 178335,0.06,-0.13,1.03,-15.75,7.51,-35.03
[17:27:49] RAW: 178359,0.12,-0.00,1.00,-34.85,7.63,-25.76
[17:27:49] RAW: 178383,0.15,0.05,1.01,-35.89,1.59,-44.31
[17:27:49] RAW: 178407,0.10,-0.04,1.08,-33.08,4.15,-50.48
[17:27:49] RAW: 178432,0.11,-0.01,1.07,-2.44,3.17,-33.20
[17:27:49] RAW: 178456,0.17,0.06,0.99,0.43,-1.83,-41.26
[17:27:49] RAW: 178481,0.14,-0.00,1.03,-34.30,4.82,-67.08
[17:27:49] RAW: 178506,0.12,-0.02,1.08,-19.65,2.50,-64.45
[17:27:49] RAW: 178531,0.12,0.01,1.06,-6.53,3.23,-47.18
[17:27:49] RAW: 178556,0.18,0.10,1.03,-13.55,13.00,-61.28
[17:27:49] RAW: 178581,0.16,0.01,1.01,-10.86,7.20,-76.84
[17:27:49] RAW: 178606,0.13,-0.10,1.01,-9.46,-0.31,-62.56
[17:27:50] RAW: 178631,0.19,0.11,1.10,-25.39,18.25,-52.37
[17:27:50] RAW: 178655,0.21,0.14,0.99,-13.43,19.71,-81.12
[17:27:50] RAW: 178680,0.15,-0.13,0.95,-12.94,0.67,-79.35
[17:27:50] RAW: 178706,0.10,-0.06,1.11,-9.70,-2.44,-45.78
[17:27:50] RAW: 178732,0.20,0.11,1.05,32.47,-6.23,-39.61
[17:27:50] RAW: 178757,0.17,-0.07,0.89,-2.99,3.91,-78.61
[17:27:50] RAW: 178781,0.05,-0.20,1.02,-37.48,7.02,-77.88
[17:27:50] RAW: 178805,0.04,-0.10,1.10,4.70,0.18,-6.23
[17:27:50] RAW: 178830,0.19,0.10,1.08,41.93,-6.59,-10.07
[17:27:50] RAW: 178854,0.14,-0.07,0.99,-9.09,18.49,-70.68
[17:27:50] RAW: 178879,0.06,-0.15,1.12,-26.86,11.17,-58.53
[17:27:50] RAW: 178904,0.14,0.03,1.20,15.01,7.32,-39.79
[17:27:50] RAW: 178928,0.15,-0.01,1.09,26.00,16.66,-72.51
[17:27:50] RAW: 178953,0.10,-0.15,1.04,-28.69,22.89,-90.88
[17:27:50] RAW: 178978,0.11,-0.11,1.06,-42.60,19.59,-70.43
[17:27:50] RAW: 179003,0.18,-0.01,0.99,6.53,26.86,-57.68
[17:27:50] RAW: 179027,0.17,-0.21,0.78,13.92,35.22,-84.66
[17:27:50] RAW: 179052,0.10,-0.45,0.82,-35.71,15.32,-96.01
[17:27:50] RAW: 179078,0.07,-0.50,1.01,-33.08,11.66,-64.82
[17:27:50] RAW: 179102,0.17,-0.43,1.00,24.84,15.81,-35.77
[17:27:50] RAW: 179127,0.24,-0.47,0.75,20.45,20.63,-45.35
[17:27:50] RAW: 179152,0.19,-0.53,0.81,-17.76,10.01,-43.64
[17:27:50] RAW: 179177,0.24,-0.35,0.96,-24.84,2.44,-2.01
[17:27:50] RAW: 179202,0.30,-0.26,0.93,15.81,-0.24,9.58
[17:27:50] RAW: 179227,0.29,-0.29,0.79,23.25,6.35,12.70
[17:27:50] RAW: 179251,0.28,-0.23,0.85,-13.31,-4.21,25.57
[17:27:51] GESTURE: left
[17:27:55] RAW: 183615,0.17,-0.09,0.96,15.56,-18.62,-25.51
[17:27:55] RAW: 183642,0.15,-0.11,1.06,16.05,-22.46,-16.42
[17:27:55] RAW: 183667,0.20,0.05,1.06,49.68,-11.35,-4.33
[17:27:55] RAW: 183692,0.23,0.01,0.82,33.20,4.33,-18.74
[17:27:55] RAW: 183717,0.18,-0.03,0.87,-29.24,7.93,-31.37
[17:27:55] RAW: 183743,0.09,-0.01,1.02,-14.28,-0.31,-19.78
[17:27:55] RAW: 183768,0.20,0.14,0.98,25.94,-12.27,9.89
[17:27:55] RAW: 183793,0.20,0.11,0.87,12.08,-1.28,-10.13
[17:27:55] RAW: 183817,0.16,0.03,0.99,-58.35,15.99,-45.35
[17:27:55] RAW: 183842,0.16,-0.10,1.10,-21.42,4.09,-32.65
[17:27:55] RAW: 183867,0.16,-0.05,1.08,14.53,3.11,-13.12
[17:27:55] RAW: 183892,0.18,-0.03,0.93,-15.01,19.96,-31.92
[17:27:55] RAW: 183917,0.16,-0.10,1.03,-46.20,14.16,-52.67
[17:27:55] RAW: 183943,0.09,-0.22,1.08,-17.70,6.16,-34.36
[17:27:55] RAW: 183968,0.11,-0.11,1.03,5.19,5.07,-17.27
[17:27:55] RAW: 183993,0.17,-0.12,0.94,-14.04,5.62,-33.14
[17:27:55] RAW: 184017,0.14,-0.12,1.06,-46.87,11.66,-32.65
[17:27:55] RAW: 184042,0.20,-0.12,1.04,-6.59,1.65,-16.54
[17:27:55] RAW: 184067,0.16,-0.06,1.03,33.33,-15.62,-26.49
[17:27:55] RAW: 184091,0.03,-0.21,1.00,-16.30,4.15,-42.48
[17:27:55] RAW: 184118,0.11,-0.14,1.08,-47.73,20.26,-18.98
[17:27:55] RAW: 184143,0.22,-0.01,1.00,12.33,0.06,-9.77
[17:27:55] RAW: 184168,0.16,-0.09,0.96,2.20,5.25,-31.56
[17:27:55] RAW: 184193,0.05,-0.16,1.00,-53.65,22.16,-35.40
[17:27:55] RAW: 184218,0.12,-0.07,1.07,-22.89,5.37,2.01
[17:27:55] RAW: 184243,0.30,0.01,0.96,15.87,-3.85,-3.05
[17:27:55] RAW: 184268,0.21,-0.12,0.94,-12.51,-1.83,-35.10
[17:27:55] RAW: 184293,0.11,-0.06,1.06,-27.22,-2.62,-23.44
[17:27:55] RAW: 184319,0.12,-0.05,1.04,-3.11,-0.85,-9.64
[17:27:55] RAW: 184344,0.20,0.05,0.96,-14.34,15.20,-3.85
[17:27:55] RAW: 184369,0.23,0.10,0.90,-12.57,0.31,-32.17
[17:27:55] RAW: 184393,0.12,-0.08,1.00,-31.92,-5.98,-42.54
[17:27:55] RAW: 184418,0.11,-0.01,1.09,-35.40,3.91,-28.50
[17:27:55] RAW: 184443,0.18,0.09,1.04,-12.21,4.15,-39.86
[17:27:55] RAW: 184468,0.15,0.01,0.94,-37.23,13.18,-63.54
[17:27:55] RAW: 184492,0.10,-0.02,0.98,-38.39,6.41,-52.80
[17:27:55] RAW: 184516,0.15,0.06,1.02,1.40,-7.87,-38.39
[17:27:55] RAW: 184541,0.13,-0.01,0.97,18.31,-7.63,-63.48
[17:27:55] RAW: 184565,0.11,-0.09,0.98,-5.80,-4.46,-76.23
[17:27:55] RAW: 184590,0.10,-0.05,1.09,-18.13,-5.13,-69.09
[17:27:55] RAW: 184616,0.08,-0.10,1.01,11.41,-7.08,-40.83
[17:27:56] RAW: 184641,0.16,-0.01,1.06,24.72,-11.23,-40.34
[17:27:56] RAW: 184665,0.15,-0.14,0.96,21.18,-1.10,-67.20
[17:27:56] RAW: 184690,0.10,-0.28,0.98,-18.25,6.71,-78.98
[17:27:56] RAW: 184715,0.09,-0.22,1.09,5.07,9.70,-66.35
[17:27:56] RAW: 184739,0.12,-0.31,0.95,42.42,20.20,-64.27
[17:27:56] RAW: 184764,0.09,-0.51,0.81,29.91,9.16,-56.95
[17:27:56] RAW: 184788,0.17,-0.39,0.91,-7.02,7.14,-34.06
[17:27:56] RAW: 184813,0.17,-0.40,0.98,6.16,8.67,-46.75
[17:27:56] RAW: 184838,0.11,-0.52,0.90,6.96,8.67,-40.47
[17:27:56] RAW: 184863,0.18,-0.46,0.91,2.62,-1.53,-16.17
[17:27:56] RAW: 184888,0.24,-0.40,0.92,1.77,2.93,-0.24
[17:27:56] RAW: 184913,0.27,-0.30,0.97,4.94,1.77,-7.26
[17:27:56] RAW: 184937,0.21,-0.33,0.94,-10.68,8.85,-12.63
[17:27:56] RAW: 184961,0.20,-0.33,0.96,-11.17,6.29,-1.59
[17:27:56] RAW: 184985,0.23,-0.30,0.99,4.58,6.84,9.40
[17:27:57] GESTURE: left
[17:28:05] RAW: 193741,0.15,-0.18,0.98,81.12,-19.53,0.06
[17:28:05] RAW: 193766,0.21,-0.70,0.75,32.90,-26.92,39.06
[17:28:05] RAW: 193791,0.21,-0.36,0.96,-57.01,2.32,43.70
[17:28:05] RAW: 193817,0.28,-0.22,1.03,-15.32,2.20,30.21
[17:28:05] RAW: 193841,0.23,-0.36,0.86,12.76,0.00,33.57
[17:28:05] RAW: 193865,0.30,-0.22,0.80,-6.41,-5.37,41.63
[17:28:05] RAW: 193889,0.31,-0.15,0.91,-13.61,-10.93,30.15
[17:28:05] RAW: 193913,0.28,-0.12,1.00,-2.14,-4.58,29.48
[17:28:05] RAW: 193937,0.29,-0.15,0.95,20.94,1.65,30.21
[17:28:05] RAW: 193961,0.28,-0.20,0.86,11.96,-9.46,27.89
[17:28:05] RAW: 193985,0.31,-0.12,0.97,-14.47,-10.38,26.86
[17:28:05] RAW: 194009,0.30,-0.09,1.01,-8.67,-2.32,21.85
[17:28:05] RAW: 194033,0.28,-0.16,0.97,30.46,-2.08,14.77
[17:28:05] RAW: 194059,0.27,-0.25,0.91,22.52,-5.43,26.43
[17:28:05] RAW: 194085,0.33,-0.10,0.97,-11.54,-1.89,33.75
[17:28:05] RAW: 194109,0.32,-0.11,0.99,0.43,-1.40,19.29
[17:28:05] RAW: 194133,0.27,-0.19,1.00,20.57,-6.65,14.22
[17:28:05] RAW: 194157,0.24,-0.25,0.99,4.58,3.42,24.96
[17:28:05] RAW: 194181,0.30,-0.13,0.96,-18.49,14.28,35.10
[17:28:05] RAW: 194206,0.35,-0.08,0.91,-4.33,3.78,22.95
[17:28:05] RAW: 194231,0.31,-0.18,0.89,20.02,-10.68,13.43
[17:28:05] RAW: 194255,0.29,-0.21,0.94,6.41,-8.00,17.94
[17:28:05] RAW: 194280,0.33,-0.09,1.00,-0.85,-5.31,15.20
[17:28:05] RAW: 194305,0.29,-0.18,0.94,11.60,-11.23,6.47
[17:28:05] RAW: 194330,0.24,-0.30,0.93,7.20,-5.49,15.01
[17:28:05] RAW: 194355,0.27,-0.21,0.96,-4.03,-0.61,26.31
[17:28:05] RAW: 194379,0.32,-0.13,0.98,0.18,-2.75,26.67
[17:28:05] RAW: 194404,0.31,-0.19,0.94,15.69,-6.04,11.96
[17:28:05] RAW: 194429,0.26,-0.33,0.91,12.82,-8.18,14.16
[17:28:05] RAW: 194453,0.27,-0.28,0.94,-4.21,-4.64,29.60
[17:28:05] RAW: 194478,0.32,-0.16,0.96,2.81,-8.85,25.88
[17:28:05] RAW: 194503,0.31,-0.25,0.96,19.96,-14.77,18.13
[17:28:05] RAW: 194527,0.27,-0.32,0.97,15.81,-10.80,22.16
[17:28:05] RAW: 194552,0.29,-0.23,1.02,7.75,-6.04,33.14
[17:28:05] RAW: 194577,0.31,-0.18,0.99,17.21,-4.09,28.38
[17:28:05] RAW: 194602,0.29,-0.26,0.93,20.14,-4.21,25.09
[17:28:06] RAW: 194627,0.27,-0.29,0.96,6.77,-2.08,30.94
[17:28:06] RAW: 194652,0.29,-0.21,1.01,-2.99,3.72,34.06
[17:28:06] RAW: 194677,0.33,-0.19,0.95,16.85,-1.89,30.09
[17:28:06] RAW: 194702,0.30,-0.27,0.91,13.18,-4.76,29.48
[17:28:06] RAW: 194727,0.28,-0.24,1.05,-16.54,1.59,33.75
[17:28:06] RAW: 194752,0.32,-0.15,1.07,6.84,5.62,30.58
[17:28:06] RAW: 194776,0.32,-0.25,0.91,29.42,-1.46,26.98
[17:28:06] RAW: 194802,0.29,-0.30,0.90,-2.08,3.42,33.87
[17:28:06] RAW: 194826,0.35,-0.14,1.04,-26.92,10.74,35.95
[17:28:06] RAW: 194850,0.38,-0.11,1.02,-2.01,8.73,31.07
[17:28:06] RAW: 194874,0.34,-0.22,0.91,32.84,0.00,25.15
[17:28:06] RAW: 194900,0.29,-0.29,0.91,10.31,3.11,26.18
[17:28:06] RAW: 194924,0.32,-0.18,1.00,-9.16,6.16,20.20
[17:28:06] RAW: 194949,0.33,-0.25,0.95,26.92,-4.15,20.02
[17:28:06] RAW: 194974,0.27,-0.37,0.87,18.19,1.59,31.25
[17:28:06] RAW: 194998,0.27,-0.24,1.04,-12.08,4.94,39.06
[17:28:06] RAW: 195023,0.29,-0.20,1.01,35.22,-2.99,37.66
[17:28:06] RAW: 195048,0.28,-0.32,0.80,51.15,-4.76,37.72
[17:28:06] RAW: 195072,0.23,-0.31,0.79,5.43,-1.46,43.70
[17:28:06] RAW: 195097,0.23,-0.20,1.10,-8.24,-16.85,42.18
[17:28:06] RAW: 195121,0.24,-0.27,1.08,39.25,-28.26,40.28
[17:28:06] RAW: 195146,0.24,-0.38,0.89,56.82,-14.83,50.60
[17:28:06] RAW: 195171,0.22,-0.38,0.72,22.03,-0.73,53.28
[17:28:06] RAW: 195196,0.22,-0.24,0.88,12.39,-35.89,64.51
[17:28:06] RAW: 195221,0.22,-0.29,1.05,29.60,-43.46,61.77
[17:28:06] RAW: 195246,0.16,-0.26,1.04,25.88,-21.24,59.75
[17:28:06] RAW: 195271,0.20,-0.10,0.98,35.34,-28.75,69.89
[17:28:06] RAW: 195296,0.16,-0.12,0.91,31.92,-38.88,72.63
[17:28:06] RAW: 195320,0.12,-0.14,1.06,19.29,-40.53,66.41
[17:28:06] RAW: 195346,0.12,-0.17,1.12,32.47,-33.94,57.13
[17:28:06] RAW: 195371,0.07,-0.20,1.08,21.91,-23.50,66.65
[17:28:06] RAW: 195395,0.11,-0.08,1.06,21.48,-22.83,76.60
[17:28:06] RAW: 195419,0.20,-0.03,1.05,33.57,-32.65,77.15
[17:28:06] RAW: 195444,0.22,-0.04,1.06,22.22,-15.81,59.14
[17:28:06] RAW: 195468,0.27,0.07,1.07,25.70,-11.60,52.43
[17:28:06] RAW: 195492,0.31,0.12,1.01,22.77,-8.30,48.34
[17:28:06] RAW: 195517,0.31,0.06,1.03,8.67,8.24,26.25
[17:28:08] GESTURE: down
[17:28:17] RAW: 206033,0.43,-0.09,0.90,4.09,-15.32,-13.49
[17:28:17] RAW: 206059,0.51,-0.06,0.98,21.73,-13.79,8.36
[17:28:17] RAW: 206085,0.46,-0.07,0.88,23.99,3.17,-6.65
[17:28:17] RAW: 206110,0.45,-0.15,0.82,1.53,6.35,-15.56
[17:28:17] RAW: 206135,0.40,-0.11,0.90,-8.61,7.51,-10.68
[17:28:17] RAW: 206161,0.37,-0.14,0.90,4.64,10.44,-2.56
[17:28:17] RAW: 206186,0.42,-0.09,0.74,-5.31,22.28,2.01
[17:28:17] RAW: 206211,0.49,-0.02,0.66,-18.68,16.97,-3.42
[17:28:17] RAW: 206236,0.45,-0.03,0.69,-11.41,10.68,-7.32
[17:28:17] RAW: 206261,0.43,-0.08,0.71,2.32,2.56,-5.68
[17:28:17] RAW: 206286,0.46,-0.06,0.63,-6.23,7.75,1.04
[17:28:17] RAW: 206310,0.46,0.02,0.64,-14.40,2.99,1.34
[17:28:17] RAW: 206334,0.48,0.00,0.68,3.78,-24.17,-5.92
[17:28:17] RAW: 206360,0.43,-0.13,0.69,1.04,-22.52,-10.56
[17:28:17] RAW: 206384,0.42,-0.10,0.77,-16.17,2.81,0.98
[17:28:17] RAW: 206409,0.48,0.10,0.69,5.55,1.89,5.19
[17:28:17] RAW: 206434,0.52,-0.01,0.61,11.72,-59.69,-9.89
[17:28:17] RAW: 206459,0.42,-0.08,0.80,-31.92,-59.63,-17.46
[17:28:17] RAW: 206484,0.33,0.00,1.06,-26.61,-43.58,-13.43
[17:28:17] RAW: 206510,0.38,0.00,1.05,27.16,-44.68,-11.84
[17:28:17] RAW: 206535,0.42,-0.12,0.69,14.34,-38.88,-16.11
[17:28:17] RAW: 206560,0.35,-0.05,0.88,-38.15,-47.67,-14.71
[17:28:17] RAW: 206585,0.31,0.04,1.22,-14.83,-49.01,-20.26
[17:28:17] RAW: 206610,0.31,-0.09,0.98,38.21,-37.84,-27.40
[17:28:18] RAW: 206635,0.38,-0.11,0.65,-12.88,-23.01,-13.92
[17:28:18] RAW: 206661,0.32,0.08,1.03,-53.10,-51.33,-15.56
[17:28:18] RAW: 206685,0.20,-0.08,1.21,23.07,-45.17,-26.61
[17:28:18] RAW: 206710,0.21,-0.27,0.83,50.66,-18.68,-22.83
[17:28:18] RAW: 206735,0.30,-0.06,0.71,-33.57,-18.13,-2.50
[17:28:18] RAW: 206760,0.24,0.02,1.10,-50.54,-64.03,-5.80
[17:28:18] RAW: 206785,0.17,-0.14,1.16,-4.03,-31.07,-8.12
[17:28:18] RAW: 206810,0.24,-0.12,0.80,-15.08,-2.20,11.47
[17:28:18] RAW: 206835,0.26,0.05,0.90,-8.54,-51.70,13.37
[17:28:18] RAW: 206860,0.15,-0.16,1.10,0.43,-59.14,-3.48
[17:28:18] RAW: 206886,0.21,-0.03,0.90,-36.62,11.29,8.85
[17:28:18] RAW: 206911,0.30,0.21,0.85,3.42,15.50,24.90
[17:28:18] RAW: 206936,0.11,-0.23,0.97,37.29,-60.06,-2.38
[17:28:18] RAW: 206962,0.05,-0.21,1.09,-63.11,-4.52,-0.37
[17:28:18] RAW: 206987,0.26,0.18,0.84,-51.76,33.45,8.36
[17:28:18] RAW: 207011,0.32,0.22,0.72,7.14,4.76,8.42
[17:28:18] RAW: 207035,0.18,-0.05,0.91,18.43,-81.05,-26.43
[17:28:18] RAW: 207060,-0.03,-0.28,1.13,-23.62,-59.08,-30.09
[17:28:18] RAW: 207084,0.09,-0.03,0.95,-41.32,-10.62,12.02
[17:28:18] RAW: 207109,0.27,0.32,0.92,13.31,-33.81,11.35
[17:28:18] RAW: 207133,0.06,-0.05,1.05,26.86,-85.51,-36.44
[17:28:18] RAW: 207157,-0.14,-0.28,1.06,-28.87,-55.05,-20.57
[17:28:18] RAW: 207183,0.02,0.07,0.95,-16.48,-26.79,24.78
[17:28:18] RAW: 207207,0.13,0.21,0.87,24.96,-53.71,5.62
[17:28:18] RAW: 207231,-0.11,-0.04,1.17,9.70,-88.01,-25.94
[17:28:18] RAW: 207255,-0.23,-0.21,1.32,-9.77,-54.02,-19.17
[17:28:18] RAW: 207279,-0.11,-0.03,1.00,-1.65,-37.48,11.47
[17:28:18] RAW: 207303,0.01,0.27,0.94,-2.50,-46.33,22.09
[17:28:18] RAW: 207327,-0.10,0.05,1.26,-0.43,-60.42,-16.85
[17:28:18] RAW: 207351,-0.25,-0.20,1.36,-3.36,-47.67,-32.47
[17:28:18] RAW: 207376,-0.17,-0.09,1.33,-0.67,-36.62,26.18
[17:28:18] RAW: 207402,-0.01,0.17,1.31,-8.67,-29.17,29.17
[17:28:18] RAW: 207427,-0.07,0.05,1.36,-30.09,-19.65,-8.73
[17:28:18] RAW: 207452,-0.16,-0.04,1.33,-25.33,-17.40,-2.81
[17:28:18] RAW: 207477,-0.04,0.12,1.26,4.33,-0.18,27.59
[17:28:18] RAW: 207501,0.00,0.12,1.15,23.62,5.86,14.28
[17:28:18] RAW: 207525,-0.06,-0.02,1.06,3.05,11.11,-1.65
[17:28:18] RAW: 207550,-0.11,0.04,1.08,-7.57,2.08,13.73
[17:28:18] RAW: 207574,-0.11,0.05,1.10,8.24,6.90,27.28
[17:28:18] RAW: 207598,-0.02,0.11,0.93,3.54,15.93,18.07
[17:28:19] RAW: 207623,-0.06,0.06,0.90,-6.77,0.37,-5.68
[17:28:19] RAW: 207647,-0.18,0.02,1.05,-1.46,-7.32,-1.53
[17:28:19] RAW: 207671,-0.14,0.03,1.06,25.45,-3.48,8.79
[17:28:19] RAW: 207695,-0.08,0.05,0.89,7.81,9.58,-0.12
[17:28:20] GESTURE: down
[17:28:22] RAW: 211277,0.49,-0.09,0.80,-12.51,-14.28,26.55
[17:28:22] RAW: 211301,0.50,-0.02,0.85,1.46,-18.68,32.23
[17:28:22] RAW: 211325,0.61,0.09,0.82,18.49,-3.48,6.90
[17:28:22] RAW: 211350,0.56,-0.05,0.67,16.36,-3.30,-21.85
[17:28:22] RAW: 211374,0.49,-0.12,0.73,-17.52,-19.59,-7.81
[17:28:22] RAW: 211399,0.51,-0.01,0.88,-17.09,-19.71,19.10
[17:28:22] RAW: 211425,0.53,0.11,0.92,14.53,-9.70,8.00
[17:28:22] RAW: 211450,0.49,-0.05,0.71,13.55,-6.35,-13.92
[17:28:22] RAW: 211475,0.44,-0.16,0.78,-36.74,-11.41,-1.83
[17:28:22] RAW: 211500,0.47,0.05,0.95,-36.32,-0.37,18.19
[17:28:22] RAW: 211525,0.52,0.12,0.83,16.91,10.50,-3.72
[17:28:22] RAW: 211550,0.46,-0.08,0.62,-5.55,14.10,-15.87
[17:28:22] RAW: 211576,0.44,-0.09,0.76,-64.51,-7.69,14.10
[17:28:22] RAW: 211601,0.51,0.13,0.97,-23.13,-14.53,25.94
[17:28:23] RAW: 211626,0.55,0.11,0.82,18.86,-1.83,-2.32
[17:28:23] RAW: 211650,0.45,-0.06,0.65,-15.44,1.65,-8.48
[17:28:23] RAW: 211674,0.41,-0.05,0.81,-33.69,-26.25,24.60
[17:28:23] RAW: 211698,0.49,0.13,0.95,-2.69,-19.90,37.54
[17:28:23] RAW: 211722,0.54,0.13,0.72,22.16,-6.29,18.19
[17:28:23] RAW: 211746,0.49,-0.01,0.67,-14.34,-21.97,-6.29
[17:28:23] RAW: 211770,0.34,-0.12,1.06,-9.95,-34.18,12.21
[17:28:23] RAW: 211794,0.42,0.01,0.95,34.55,-6.16,37.11
[17:28:23] RAW: 211818,0.52,0.14,0.56,-6.65,3.11,13.73
[17:28:23] RAW: 211842,0.39,0.02,0.79,-59.20,-19.23,0.18
[17:28:23] RAW: 211867,0.37,0.05,1.08,2.93,-40.89,25.02
[17:28:23] RAW: 211891,0.49,0.16,0.80,40.83,-18.01,12.57
[17:28:23] RAW: 211917,0.48,0.18,0.76,-12.02,-13.43,-9.40
[17:28:23] RAW: 211944,0.36,-0.02,1.01,49.68,-50.60,-23.13
[17:28:23] RAW: 211971,0.31,-0.12,0.84,30.82,-25.02,-1.46
[17:28:23] RAW: 211997,0.47,0.22,0.92,-28.44,4.03,16.66
[17:28:23] RAW: 212022,0.40,0.05,1.10,32.41,-25.02,-26.00
[17:28:23] RAW: 212047,0.28,-0.26,0.94,33.63,-36.62,-13.98
[17:28:23] RAW: 212072,0.41,0.10,0.90,-43.95,-12.88,36.50
[17:28:23] RAW: 212097,0.53,0.39,1.01,3.54,-25.21,13.55
[17:28:23] RAW: 212122,0.30,-0.08,1.00,57.50,-45.17,-33.20
[17:28:23] RAW: 212147,0.18,-0.31,0.88,-15.62,-8.97,2.69
[17:28:23] RAW: 212171,0.41,0.23,0.85,-54.50,-1.40,47.55
[17:28:23] RAW: 212196,0.47,0.39,1.03,10.93,-39.86,-9.28
[17:28:23] RAW: 212221,0.22,-0.23,1.03,37.90,-47.18,-43.52
[17:28:23] RAW: 212247,0.18,-0.24,0.93,-5.74,-22.95,12.08
[17:28:23] RAW: 212272,0.34,0.16,0.85,-9.09,-27.65,28.14
[17:28:23] RAW: 212297,0.32,0.13,1.05,1.95,-50.66,-11.96
[17:28:23] RAW: 212321,0.14,-0.13,1.17,18.01,-41.20,-18.86
[17:28:23] RAW: 212346,0.15,-0.15,0.92,37.11,-32.96,18.98
[17:28:23] RAW: 212371,0.25,0.19,0.79,-7.39,-37.54,35.83
[17:28:23] RAW: 212395,0.25,0.17,1.11,-16.54,-27.95,-7.26
[17:28:23] RAW: 212419,0.15,-0.08,1.19,29.79,-36.50,-18.01
[17:28:23] RAW: 212444,0.15,0.00,1.01,27.22,-50.17,10.86
[17:28:23] RAW: 212469,0.24,0.19,1.11,-22.46,-48.58,17.64
[17:28:23] RAW: 212493,0.21,0.12,1.17,-4.21,-41.08,-5.07
[17:28:23] RAW: 212518,0.12,-0.01,1.05,26.86,-55.24,-14.71
[17:28:23] RAW: 212543,0.14,0.04,1.15,-13.43,-57.19,-7.45
[17:28:23] RAW: 212568,0.18,0.09,1.46,-11.96,-42.24,-15.20
[17:28:23] RAW: 212593,0.16,-0.04,1.34,24.54,-38.82,-23.56
[17:28:23] RAW: 212618,0.11,-0.06,1.19,1.71,-37.78,-10.01
[17:28:24] RAW: 212642,0.08,0.00,1.27,-21.97,-25.27,4.21
[17:28:24] RAW: 212666,0.12,0.05,1.27,21.91,-15.69,8.06
[17:28:24] RAW: 212690,0.09,-0.03,1.04,12.76,-10.31,1.04
[17:28:24] RAW: 212714,0.07,-0.00,1.09,-22.40,-4.03,7.69
[17:28:24] RAW: 212738,0.06,0.07,1.16,6.10,-3.66,11.41
[17:28:24] RAW: 212762,0.03,0.04,0.99,19.90,-6.53,7.63
[17:28:24] RAW: 212786,0.07,0.02,0.96,-28.14,4.64,4.82
[17:28:24] RAW: 212810,0.05,0.00,1.09,-12.63,0.61,3.97
[17:28:24] RAW: 212834,0.02,0.00,1.03,13.43,-1.16,-0.18
[17:28:24] RAW: 212858,0.02,-0.03,0.97,-14.47,1.95,7.69
[17:28:24] RAW: 212882,0.04,-0.00,1.03,-24.84,3.42,10.62
[17:28:24] RAW: 212906,-0.00,0.03,1.05,-3.30,2.62,8.42
[17:28:24] RAW: 212930,0.03,0.03,0.97,4.21,1.89,6.29
[17:28:24] RAW: 212954,0.04,0.01,0.98,-9.09,2.38,3.05
[17:28:24] RAW: 212978,0.03,0.03,1.01,-6.96,-1.16,-5.80
[17:28:24] RAW: 213002,0.01,-0.05,1.00,-1.34,-1.53,-9.83
[17:28:25] GESTURE: up
[17:28:35] RAW: 224367,0.07,-0.19,0.45,-13.67,-33.94,59.14
[17:28:35] RAW: 224393,0.12,-0.38,0.57,-83.13,-12.88,32.23
[17:28:35] RAW: 224419,-0.03,-0.22,0.82,-65.73,-10.99,-16.24
[17:28:35] RAW: 224446,0.05,-0.17,0.89,8.54,-8.24,-4.46
[17:28:35] RAW: 224471,0.09,-0.07,0.73,5.55,10.50,-16.05
[17:28:35] RAW: 224495,0.11,-0.12,0.78,-14.77,12.88,-16.78
[17:28:35] RAW: 224521,0.13,-0.15,0.93,-16.24,10.31,-11.84
[17:28:35] RAW: 224546,0.19,-0.07,1.04,-8.42,5.00,3.91
[17:28:35] RAW: 224571,0.27,0.02,1.00,10.31,5.31,-0.37
[17:28:35] RAW: 224596,0.25,0.00,0.90,40.16,-17.70,-21.67
[17:28:36] RAW: 224621,0.20,-0.12,0.95,29.91,-32.17,-23.01
[17:28:36] RAW: 224647,0.22,-0.12,1.05,8.36,-11.41,-6.35
[17:28:36] RAW: 224672,0.27,-0.02,1.07,20.81,3.91,-2.99
[17:28:36] RAW: 224697,0.23,-0.08,0.92,21.00,13.43,-4.94
[17:28:36] RAW: 224721,0.23,-0.15,0.86,-12.70,4.39,9.40
[17:28:36] RAW: 224746,0.26,-0.08,1.05,-26.12,-10.86,18.49
[17:28:36] RAW: 224772,0.27,-0.03,1.17,3.05,-6.29,10.25
[17:28:36] RAW: 224798,0.22,-0.11,1.06,11.23,11.11,5.25
[17:28:36] RAW: 224824,0.23,-0.08,0.96,-0.92,2.26,14.53
[17:28:36] RAW: 224849,0.27,-0.04,1.09,-12.02,-10.62,9.16
[17:28:36] RAW: 224874,0.25,-0.05,1.18,-3.85,10.07,-4.52
[17:28:36] RAW: 224898,0.22,-0.09,1.07,29.42,24.05,-6.84
[17:28:36] RAW: 224922,0.21,-0.11,0.94,37.60,12.76,3.48
[17:28:36] RAW: 224947,0.26,-0.08,0.94,-3.85,9.64,12.57
[17:28:36] RAW: 224972,0.30,-0.05,1.01,-18.92,21.48,0.37
[17:28:36] RAW: 224996,0.26,-0.09,0.99,-1.28,23.25,-10.13
[17:28:36] RAW: 225021,0.27,-0.11,0.90,26.79,8.24,-2.62
[17:28:36] RAW: 225045,0.29,-0.10,0.85,15.38,8.06,2.81
[17:28:36] RAW: 225071,0.33,-0.07,0.93,-15.56,14.77,-1.71
[17:28:36] RAW: 225095,0.29,-0.12,0.95,-6.53,15.20,-7.69
[17:28:36] RAW: 225119,0.26,-0.16,0.89,13.98,14.47,4.88
[17:28:36] RAW: 225143,0.34,-0.03,0.78,-0.79,8.06,18.55
[17:28:36] RAW: 225167,0.36,0.00,0.89,-21.24,3.30,2.20
[17:28:36] RAW: 225191,0.29,-0.11,0.98,-14.77,5.00,-8.36
[17:28:36] RAW: 225216,0.26,-0.14,0.98,2.32,0.98,-2.14
[17:28:36] RAW: 225241,0.33,-0.01,0.87,13.67,3.30,6.59
[17:28:36] RAW: 225265,0.34,-0.03,0.88,-0.73,0.61,-6.84
[17:28:36] RAW: 225291,0.28,-0.14,0.95,-13.43,-5.74,-14.89
[17:28:36] RAW: 225316,0.29,-0.14,1.01,-4.15,-3.54,-0.73
[17:28:36] RAW: 225341,0.33,-0.03,0.96,18.07,2.26,4.27
[17:28:36] RAW: 225366,0.30,-0.07,0.85,3.54,-0.06,-6.84
[17:28:36] RAW: 225391,0.25,-0.16,0.99,-33.45,-6.84,-5.13
[17:28:36] RAW: 225415,0.28,-0.11,1.07,-11.41,-1.28,4.76
[17:28:36] RAW: 225440,0.31,-0.06,0.98,32.35,3.23,6.16
[17:28:36] RAW: 225464,0.31,-0.10,0.84,14.10,8.85,2.99
[17:28:36] RAW: 225488,0.32,-0.12,0.88,-25.45,0.18,2.38
[17:28:36] RAW: 225512,0.34,-0.07,1.04,-8.73,-6.59,0.31
[17:28:36] RAW: 225537,0.35,-0.04,1.01,23.74,-8.06,-1.89
[17:28:36] RAW: 225562,0.31,-0.11,0.93,15.26,0.92,-8.12
[17:28:36] RAW: 225587,0.28,-0.12,0.94,-10.38,1.40,-6.90
[17:28:36] RAW: 225613,0.30,-0.10,1.05,-9.28,-6.29,-0.06
[17:28:37] RAW: 225638,0.31,-0.08,1.01,24.17,1.71,4.33
[17:28:37] RAW: 225662,0.32,-0.08,0.95,18.49,8.48,0.31
[17:28:37] RAW: 225687,0.29,-0.11,0.91,-8.06,9.22,-2.20
[17:28:37] RAW: 225712,0.31,-0.10,0.99,-13.00,-1.04,0.31
[17:28:37] RAW: 225736,0.32,-0.07,1.02,11.05,-3.05,2.44
[17:28:37] RAW: 225760,0.33,-0.07,0.96,12.88,6.84,-0.49
[17:28:37] RAW: 225784,0.29,-0.12,0.90,-7.08,5.07,-2.01
[17:28:37] RAW: 225808,0.29,-0.13,0.97,-18.13,-3.17,1.71
[17:28:37] RAW: 225832,0.31,-0.07,1.03,-1.65,-2.26,8.85
[17:28:37] RAW: 225857,0.33,-0.02,0.99,11.84,3.23,3.85
[17:28:37] RAW: 225882,0.29,-0.11,0.91,3.72,1.77,-3.17
[17:28:37] RAW: 225906,0.29,-0.15,0.95,-10.74,-4.21,-0.67
[17:28:37] RAW: 225930,0.31,-0.08,1.02,-5.92,-1.40,5.19
[17:28:37] RAW: 225955,0.32,-0.05,1.00,14.16,2.32,2.20
[17:28:37] RAW: 225980,0.29,-0.13,0.93,15.20,-1.34,-1.71
[17:28:37] RAW: 226004,0.30,-0.14,0.95,-10.56,-2.50,3.72
[17:28:37] RAW: 226028,0.33,-0.07,1.01,-19.23,-0.43,7.14
[17:28:37] RAW: 226054,0.33,-0.07,0.95,16.85,0.92,1.34
[17:28:37] RAW: 226078,0.30,-0.13,0.89,22.03,-0.85,-0.73
[17:28:37] RAW: 226103,0.30,-0.13,0.91,-13.49,-4.88,3.17
[17:28:37] RAW: 226127,0.34,-0.05,1.05,-21.06,-1.34,0.55
[17:28:37] RAW: 226151,0.32,-0.08,1.02,18.49,-0.06,-4.88
[17:28:37] RAW: 226175,0.29,-0.15,0.93,28.56,-3.42,-0.67
[17:28:37] RAW: 226200,0.30,-0.13,0.92,-5.55,1.10,3.60
[17:28:37] RAW: 226225,0.31,-0.10,0.99,-23.80,5.00,1.04
[17:28:37] RAW: 226249,0.29,-0.10,1.03,-10.07,2.20,-0.61
[17:28:37] RAW: 226275,0.30,-0.10,0.99,23.74,-6.65,2.20
[17:28:37] RAW: 226299,0.31,-0.10,0.93,19.90,-2.75,2.26
[17:28:37] RAW: 226323,0.31,-0.11,0.91,-16.11,5.68,-0.24
[17:28:37] RAW: 226347,0.30,-0.10,0.99,-15.87,2.26,0.79
[17:28:37] RAW: 226371,0.31,-0.10,1.03,21.06,-7.20,3.23
[17:28:37] RAW: 226395,0.32,-0.11,0.94,23.62,-2.01,2.69
[17:28:37] RAW: 226419,0.31,-0.12,0.91,-2.20,5.31,0.67
[17:28:37] RAW: 226444,0.30,-0.11,0.98,-20.20,1.59,2.08
[17:28:37] RAW: 226468,0.31,-0.10,1.03,4.03,-6.35,2.62
[17:28:37] RAW: 226492,0.32,-0.08,1.00,27.22,-1.65,0.67
[17:28:37] RAW: 226517,0.30,-0.14,0.91,8.36,3.05,-3.42
[17:28:37] RAW: 226541,0.28,-0.16,0.94,-27.95,3.85,0.92
[17:28:37] RAW: 226565,0.31,-0.08,1.03,-16.97,0.18,6.41
[17:28:37] RAW: 226590,0.33,-0.05,1.01,12.76,-1.65,7.93
[17:28:37] RAW: 226614,0.32,-0.09,0.93,19.29,3.42,-1.83
[17:28:38] RAW: 226638,0.30,-0.15,0.90,-6.04,2.56,-5.13
[17:28:38] RAW: 226663,0.31,-0.13,0.97,-20.08,-3.36,0.37
[17:28:38] RAW: 226687,0.32,-0.07,1.02,3.66,-3.97,2.56
[17:28:38] RAW: 226711,0.31,-0.10,0.97,21.12,-0.61,0.43
[17:28:38] RAW: 226736,0.29,-0.17,0.94,2.50,0.92,-1.53
[17:28:38] RAW: 226762,0.29,-0.15,0.98,-24.84,4.03,3.91
[17:28:38] RAW: 226787,0.33,-0.06,1.01,-10.44,5.31,7.57
[17:28:38] RAW: 226811,0.33,-0.07,0.96,17.09,3.05,0.73
[17:28:38] RAW: 226835,0.31,-0.13,0.91,11.72,-0.73,-1.46
[17:28:38] RAW: 226860,0.32,-0.13,0.93,-5.49,-2.38,-0.31
[17:28:38] RAW: 226885,0.33,-0.08,0.99,-6.53,-4.27,0.55
[17:28:38] RAW: 226910,0.31,-0.10,0.99,10.99,-4.03,-1.77
[17:28:38] RAW: 226935,0.29,-0.16,0.96,10.50,-4.39,0.12
[17:28:38] RAW: 226960,0.30,-0.14,0.98,-10.38,-0.61,2.69
[17:28:38] RAW: 226984,0.33,-0.08,1.02,-11.60,6.59,4.58
[17:28:38] RAW: 227010,0.32,-0.10,0.96,9.34,5.31,1.65
[17:28:38] RAW: 227034,0.33,-0.13,0.94,6.65,3.11,2.56
[17:28:39] GESTURE: still
[17:28:42] RAW: 231381,-0.13,0.13,0.97,16.54,-11.72,-1.89
[17:28:42] RAW: 231406,-0.13,0.24,1.03,-0.85,-7.45,-17.33
[17:28:42] RAW: 231431,-0.24,0.13,1.03,51.03,-20.32,-15.81
[17:28:42] RAW: 231456,-0.20,-0.00,0.91,67.87,-22.22,16.11
[17:28:42] RAW: 231480,-0.13,0.08,0.89,12.94,-8.00,16.24
[17:28:42] RAW: 231504,-0.14,0.15,1.01,-14.59,-11.90,-2.50
[17:28:42] RAW: 231529,-0.25,0.13,1.13,22.03,-21.79,-7.63
[17:28:42] RAW: 231553,-0.19,0.06,1.07,48.46,-5.86,0.61
[17:28:42] RAW: 231578,-0.08,0.14,1.01,14.83,-0.43,-4.15
[17:28:42] RAW: 231603,-0.13,0.14,1.07,-3.17,-8.73,-20.45
[17:28:43] RAW: 231629,-0.16,0.05,1.19,19.23,-5.31,-7.63
[17:28:43] RAW: 231654,-0.10,0.09,1.14,21.06,11.66,-2.44
[17:28:43] RAW: 231679,-0.04,0.15,1.04,0.24,7.57,-17.21
[17:28:43] RAW: 231704,-0.11,0.11,1.14,9.28,-14.53,-20.14
[17:28:43] RAW: 231730,-0.11,0.06,1.14,34.00,-10.62,-4.15
[17:28:43] RAW: 231754,0.01,0.12,1.08,5.37,6.10,-3.78
[17:28:43] RAW: 231778,0.00,0.12,1.22,-11.41,-0.67,-22.64
[17:28:43] RAW: 231802,-0.07,0.05,1.34,-6.35,-8.18,-20.45
[17:28:43] RAW: 231826,-0.06,0.08,1.43,38.21,-5.25,5.00
[17:28:43] RAW: 231850,0.02,0.06,1.27,30.15,14.77,-10.56
[17:28:43] RAW: 231874,-0.00,-0.04,1.28,-48.28,16.24,-21.91
[17:28:43] RAW: 231898,-0.11,-0.04,1.47,-27.28,2.20,8.24
[17:28:43] RAW: 231922,-0.09,0.07,1.42,9.34,3.48,26.12
[17:28:43] RAW: 231946,-0.03,0.01,1.21,-40.83,39.98,-3.23
[17:28:43] RAW: 231970,-0.23,-0.06,1.36,-65.49,11.11,-0.24
[17:28:43] RAW: 231994,-0.20,0.00,1.36,6.77,5.19,46.69
[17:28:43] RAW: 232018,-0.09,0.08,1.23,-13.18,44.25,15.26
[17:28:43] RAW: 232042,-0.12,-0.00,1.16,-31.62,64.03,-14.95
[17:28:43] RAW: 232066,-0.22,-0.11,1.17,0.00,14.47,15.56
[17:28:43] RAW: 232091,-0.24,-0.04,1.32,-17.88,25.15,31.86
[17:28:43] RAW: 232116,-0.23,0.02,1.29,-18.25,81.60,22.22
[17:28:43] RAW: 232142,-0.16,0.13,1.04,1.10,51.76,31.43
[17:28:43] RAW: 232168,-0.12,0.16,1.11,-1.34,5.37,24.48
[17:28:43] RAW: 232194,-0.23,0.12,1.31,-13.79,37.41,13.31
[17:28:43] RAW: 232219,-0.22,0.28,1.07,23.01,58.96,19.59
[17:28:43] RAW: 232244,-0.20,0.27,1.07,24.23,33.26,12.88
[17:28:43] RAW: 232270,-0.27,0.07,1.13,40.28,34.97,4.21
[17:28:43] RAW: 232296,-0.27,-0.03,0.99,29.17,68.24,11.66
[17:28:43] RAW: 232322,-0.19,0.09,0.86,9.03,60.06,19.90
[17:28:43] RAW: 232347,-0.14,0.17,0.91,25.88,52.00,-1.71
[17:28:43] RAW: 232372,-0.14,-0.04,0.83,25.76,66.89,-23.99
[17:28:43] RAW: 232397,-0.15,-0.08,0.79,-7.20,81.42,-14.40
[17:28:43] RAW: 232421,-0.06,0.05,0.80,3.66,66.65,-4.46
[17:28:43] RAW: 232445,-0.07,-0.02,0.75,7.20,58.59,-6.16
[17:28:43] RAW: 232470,0.01,-0.04,0.56,10.38,68.24,-3.30
[17:28:43] RAW: 232494,0.17,-0.04,0.29,19.71,71.96,-2.81
[17:28:43] RAW: 232518,0.30,0.00,0.08,-27.34,74.34,-16.36
[17:28:43] RAW: 232543,0.28,-0.03,0.16,-12.33,47.97,-18.86
[17:28:43] RAW: 232568,0.29,-0.07,0.16,7.26,21.48,3.85
[17:28:43] RAW: 232592,0.35,0.00,0.44,-9.64,1.40,4.64
[17:28:43] RAW: 232617,0.31,0.05,0.63,-28.50,4.21,4.46
[17:28:44] RAW: 232641,0.32,0.13,0.77,-7.69,7.93,17.09
[17:28:44] RAW: 232665,0.40,0.18,0.77,14.40,6.47,28.08
[17:28:44] RAW: 232689,0.44,0.21,0.80,5.00,3.97,12.21
[17:28:44] RAW: 232713,0.44,0.15,0.85,-1.22,5.74,-6.16
[17:28:44] RAW: 232737,0.38,0.10,0.83,7.87,17.58,-9.22
[17:28:45] GESTURE: shake
